category,name,value
All Causes,Certain conditions originating in the perinatal period,0
Certain conditions originating in the perinatal period,"Bacterial sepsis of newborn, unspecified",53
Certain conditions originating in the perinatal period,Digestive system disorders of newborn,0
Digestive system disorders of newborn,Perinatal intestinal perforation,13
Digestive system disorders of newborn,Necrotizing enterocolitis of newborn,53
Certain conditions originating in the perinatal period,Disorders related to length of gestation and fetal growth,0
Disorders related to length of gestation and fetal growth,Other preterm infants,195
Disorders related to length of gestation and fetal growth,Extreme immaturity,412
Certain conditions originating in the perinatal period,Hydrops fetalis not due to haemolytic disease,18
Certain conditions originating in the perinatal period,Hypoxic ischemic encephalopathy of newborn,11
Certain conditions originating in the perinatal period,"Newborn affected by maternal factors and by complications of pregnancy, labour and delivery",0
"Newborn affected by maternal factors and by complications of pregnancy, labour and delivery",Newborn affected by premature rupture of membranes,168
"Newborn affected by maternal factors and by complications of pregnancy, labour and delivery",Newborn affected by other specified complications of labour and delivery,13
"Newborn affected by maternal factors and by complications of pregnancy, labour and delivery",Newborn affected by other forms of placental separation and haemorrhage,53
"Newborn affected by maternal factors and by complications of pregnancy, labour and delivery",Newborn affected by oligohydramnios,13
"Newborn affected by maternal factors and by complications of pregnancy, labour and delivery",Newborn affected by multiple pregnancy,21
"Newborn affected by maternal factors and by complications of pregnancy, labour and delivery",Newborn affected by maternal hypertensive disorders,11
"Newborn affected by maternal factors and by complications of pregnancy, labour and delivery",Newborn affected by incompetent cervix,68
"Newborn affected by maternal factors and by complications of pregnancy, labour and delivery",Newborn affected by chorioamnionitis,87
Certain conditions originating in the perinatal period,Respiratory and cardiovascular disorders specific to the perinatal period,0
Respiratory and cardiovascular disorders specific to the perinatal period,Unspecified pulmonary haemorrhage originating in the perinatal period,18
Respiratory and cardiovascular disorders specific to the perinatal period,Respiratory distress syndrome of newborn,68
Respiratory and cardiovascular disorders specific to the perinatal period,Primary atelectasis of newborn,38
Respiratory and cardiovascular disorders specific to the perinatal period,Neonatal cardiac failure,40
Respiratory and cardiovascular disorders specific to the perinatal period,Neonatal cardiac dysrhythmia,65
Respiratory and cardiovascular disorders specific to the perinatal period,"Intrauterine hypoxia, unspecified",15
Respiratory and cardiovascular disorders specific to the perinatal period,Bronchopulmonary dysplasia originating in the perinatal period,18
Respiratory and cardiovascular disorders specific to the perinatal period,"Birth asphyxia, unspecified",35
Certain conditions originating in the perinatal period,Unspecified intraventricular (nontraumatic) haemorrhage of newborn,28
All Causes,Certain infectious and parasitic diseases,0
Certain infectious and parasitic diseases,Herpesviral encephalitis,10
Certain infectious and parasitic diseases,Human immunodeficiency virus [HIV] disease,0
Human immunodeficiency virus [HIV] disease,Unspecified human immunodeficiency virus [HIV] disease,113
Human immunodeficiency virus [HIV] disease,HIV disease resulting in wasting syndrome,29
Human immunodeficiency virus [HIV] disease,HIV disease resulting in Pneumocystis carinii pneumonia,24
Human immunodeficiency virus [HIV] disease,HIV disease resulting in other viral infections,33
Human immunodeficiency virus [HIV] disease,HIV disease resulting in other types of non-Hodgkin's lymphoma,21
Human immunodeficiency virus [HIV] disease,HIV disease resulting in other specified conditions,148
Human immunodeficiency virus [HIV] disease,HIV disease resulting in other mycoses,14
Human immunodeficiency virus [HIV] disease,HIV disease resulting in other malignant neoplasms,10
Human immunodeficiency virus [HIV] disease,HIV disease resulting in other infectious and parasitic diseases,55
Human immunodeficiency virus [HIV] disease,HIV disease resulting in other bacterial infections,41
Human immunodeficiency virus [HIV] disease,HIV disease resulting in multiple infections,69
Human immunodeficiency virus [HIV] disease,HIV disease resulting in multiple diseases classified elsewhere,65
Human immunodeficiency virus [HIV] disease,HIV disease resulting in encephalopathy,24
Certain infectious and parasitic diseases,Intestinal infectious diseases,0
Intestinal infectious diseases,"Viral intestinal infection, unspecified",10
Intestinal infectious diseases,Other and unspecified gastroenteritis and colitis of infectious origin,24
Intestinal infectious diseases,Gastroenteritis and colitis of unspecified origin,74
Intestinal infectious diseases,Enterocolitis due to Clostridium difficile,564
Certain infectious and parasitic diseases,Mycoses,0
Mycoses,Unspecified mycosis,32
Mycoses,Candidal septicaemia,12
Certain infectious and parasitic diseases,Other and unspecified infectious diseases,24
Certain infectious and parasitic diseases,Other bacterial diseases,0
Other bacterial diseases,"Streptococcal septicaemia, unspecified",14
Other bacterial diseases,"Streptococcal infection, unspecified",11
Other bacterial diseases,"Staphylococcal infection, unspecified",51
Other bacterial diseases,"Septicaemia, unspecified",2556
Other bacterial diseases,Septicaemia due to unspecified staphylococcus,30
Other bacterial diseases,Septicaemia due to Streptococcus pneumoniae,13
Other bacterial diseases,Septicaemia due to Staphylococcus aureus,49
Other bacterial diseases,Septicaemia due to other Gram-negative organisms,77
Other bacterial diseases,Other bacterial infections of unspecified site,15
Other bacterial diseases,Legionnaires' disease,31
Other bacterial diseases,"Bacterial infection, unspecified",112
Certain infectious and parasitic diseases,Sequelae of infectious and parasitic diseases,0
Sequelae of infectious and parasitic diseases,Sequelae of viral hepatitis,33
Sequelae of infectious and parasitic diseases,Sequelae of poliomyelitis,31
Sequelae of infectious and parasitic diseases,Sequelae of other specified infectious and parasitic diseases,44
Certain infectious and parasitic diseases,Tuberculosis,0
Tuberculosis,"Tuberculosis of lung, without mention of bacteriological or histological confirmation",24
Tuberculosis,Tuberculosis of bones and joints,10
Tuberculosis,"Respiratory tuberculosis unspecified, without mention of bacteriological or histological confirmation",13
Certain infectious and parasitic diseases,Viral hepatitis,0
Viral hepatitis,Unspecified viral hepatitis without hepatic coma,11
Viral hepatitis,Chronic viral hepatitis C,236
Viral hepatitis,Chronic viral hepatitis B without delta-agent,12
Viral hepatitis,Acute hepatitis B without delta-agent and without hepatic coma,32
Viral hepatitis,Acute hepatitis C,63
Certain infectious and parasitic diseases,"Viral infection, unspecified",16
Certain infectious and parasitic diseases,Viral infections of the central nervous system,0
Viral infections of the central nervous system,Unspecified viral encephalitis,14
Viral infections of the central nervous system,Creutzfeldt-Jakob disease - CJD,32
All Causes,"Congenital malformations, deformations and chromosomal abnormalities",0
"Congenital malformations, deformations and chromosomal abnormalities","Chromosomal abnormalities, not elsewhere classified",0
"Chromosomal abnormalities, not elsewhere classified","Patau's syndrome, unspecified",31
"Chromosomal abnormalities, not elsewhere classified","Edwards' syndrome, unspecified",65
"Chromosomal abnormalities, not elsewhere classified","Down's syndrome, unspecified",61
"Congenital malformations, deformations and chromosomal abnormalities","Congenital malformation of heart, unspecified",121
"Congenital malformations, deformations and chromosomal abnormalities",Congenital malformations of the nervous system,0
Congenital malformations of the nervous system,"Spina bifida, unspecified",13
Congenital malformations of the nervous system,Other reduction deformities of brain,10
Congenital malformations of the nervous system,Holoprosencephaly,10
Congenital malformations of the nervous system,"Congenital hydrocephalus, unspecified",11
Congenital malformations of the nervous system,Anencephaly,37
"Congenital malformations, deformations and chromosomal abnormalities",Congenital malformations of the urinary system,0
Congenital malformations of the urinary system,Potter's syndrome,12
Congenital malformations of the urinary system,"Polycystic kidney, unspecified",23
"Congenital malformations, deformations and chromosomal abnormalities","Congenital, small grouped",104
"Congenital malformations, deformations and chromosomal abnormalities",Hypoplasia and dysplasia of lung,34
"Congenital malformations, deformations and chromosomal abnormalities",Other congenital malformations,0
Other congenital malformations,"Multiple congenital malformations, not elsewhere classified",26
Other congenital malformations,Marfan's syndrome,15
Other congenital malformations,"Congenital malformation, unspecified",32
Diseases of the blood and blood-forming organs and certain disorders involving the immune mechanism,,0
Diseases of the blood and blood-forming organs and certain disorders involving the immune mechanism,Agranulocytosis,29
Diseases of the blood and blood-forming organs and certain disorders involving the immune mechanism,Aplastic and other anaemias,0
Aplastic and other anaemias,Acute posthaemorrhagic anaemia,29
Aplastic and other anaemias,"Anaemia, unspecified",219
Aplastic and other anaemias,"Aplastic anaemia, unspecified",83
Diseases of the blood and blood-forming organs and certain disorders involving the immune mechanism,Certain disorders involving the immune mechanism,0
Certain disorders involving the immune mechanism,"Sarcoidosis, unspecified",69
Certain disorders involving the immune mechanism,"Immune, small grouped",38
Diseases of the blood and blood-forming organs and certain disorders involving the immune mechanism,"Coagulation defects, purpura and other haemorrhagic conditions",0
"Coagulation defects, purpura and other haemorrhagic conditions","Thrombocytopenia, unspecified",32
"Coagulation defects, purpura and other haemorrhagic conditions",Idiopathic thrombocytopenic purpura,24
"Coagulation defects, purpura and other haemorrhagic conditions",Hereditary deficiency of other clotting factors,11
"Coagulation defects, purpura and other haemorrhagic conditions",Disseminated intravascular coagulation [defibrination syndrome],38
"Coagulation defects, purpura and other haemorrhagic conditions","Coagulation defect, unspecified",109
Diseases of the blood and blood-forming organs and certain disorders involving the immune mechanism,Haemolytic anaemias,0
Haemolytic anaemias,Sickle-cell anaemia without crisis,34
Haemolytic anaemias,Sickle-cell anaemia with crisis,10
Diseases of the blood and blood-forming organs and certain disorders involving the immune mechanism,Iron deficiency anaemia secondary to blood loss (chronic),18
All Causes,Diseases of the circulatory system,0
Diseases of the circulatory system,Cerebrovascular diseases,0
Cerebrovascular diseases,Subdural haemorrhage (acute)(nontraumatic),240
Cerebrovascular diseases,"Subarachnoid haemorrhage, unspecified",477
Cerebrovascular diseases,"Stroke, not specified as haemorrhage or infarction",5534
Cerebrovascular diseases,"Sequelae of stroke, not specified as haemorrhage or infarction",1097
Cerebrovascular diseases,Sequelae of other and unspecified cerebrovascular diseases,663
Cerebrovascular diseases,Sequelae of cerebral infarction,54
Cerebrovascular diseases,Other specified cerebrovascular diseases,74
Cerebrovascular diseases,"Intracranial haemorrhage (nontraumatic), unspecified",791
Cerebrovascular diseases,"Intracerebral haemorrhage, unspecified",1073
Cerebrovascular diseases,"Intracerebral haemorrhage, intraventricular",69
Cerebrovascular diseases,Intracerebral haemorrhage in cerebellum,43
Cerebrovascular diseases,Intracerebral haemorrhage in brain stem,38
Cerebrovascular diseases,"Cerebrovascular, small grouped",155
Cerebrovascular diseases,"Cerebrovascular disease, unspecified",258
Cerebrovascular diseases,"Cerebral infarction, unspecified",331
Cerebrovascular diseases,Cerebral infarction due to unspecified occlusion or stenosis of precerebral arteries,58
Cerebrovascular diseases,Cerebral infarction due to thrombosis of cerebral arteries,54
Cerebrovascular diseases,Cerebral infarction due to embolism of cerebral arteries,64
Cerebrovascular diseases,Cerebral atherosclerosis,68
Diseases of the circulatory system,Chronic rheumatic heart diseases,0
Chronic rheumatic heart diseases,Tricuspid insufficiency,17
Chronic rheumatic heart diseases,"Rheumatic heart disease, unspecified",16
Chronic rheumatic heart diseases,"Rheumatic diseases of endocardium, valve unspecified",12
Chronic rheumatic heart diseases,"Mitral valve disease, unspecified",86
Chronic rheumatic heart diseases,Mitral stenosis,39
Chronic rheumatic heart diseases,Disorders of both mitral and aortic valves,59
Diseases of the circulatory system,"Diseases of arteries, arterioles and capillaries",0
"Diseases of arteries, arterioles and capillaries","Thoracoabdominal aortic aneurysm, without mention of rupture",10
"Diseases of arteries, arterioles and capillaries","Thoracic aortic aneurysm, without mention of rupture",61
"Diseases of arteries, arterioles and capillaries","Thoracic aortic aneurysm, ruptured",76
"Diseases of arteries, arterioles and capillaries",Stricture of artery,10
"Diseases of arteries, arterioles and capillaries","Peripheral vascular disease, unspecified",629
"Diseases of arteries, arterioles and capillaries",Generalized and unspecified atherosclerosis,563
"Diseases of arteries, arterioles and capillaries",Embolism and thrombosis of unspecified artery,46
"Diseases of arteries, arterioles and capillaries",Embolism and thrombosis of other and unspecified parts of aorta,22
"Diseases of arteries, arterioles and capillaries",Dissection of aorta [any part],291
"Diseases of arteries, arterioles and capillaries","Disorder of arteries and arterioles, unspecified",19
"Diseases of arteries, arterioles and capillaries","Abdominal aortic aneurysm, ruptured",314
"Diseases of arteries, arterioles and capillaries","Abdominal aortic aneurysm, without mention of rupture",123
"Diseases of arteries, arterioles and capillaries",Aneurysm of iliac artery,10
"Diseases of arteries, arterioles and capillaries",Aneurysm of unspecified site,25
"Diseases of arteries, arterioles and capillaries","Aortic aneurysm of unspecified site, ruptured",92
"Diseases of arteries, arterioles and capillaries","Aortic aneurysm of unspecified site, without mention of rupture",51
"Diseases of arteries, arterioles and capillaries","Arteritis, unspecified",22
"Diseases of arteries, arterioles and capillaries",Atherosclerosis of arteries of extremities,19
Diseases of the circulatory system,"Diseases of veins, lymphatic vessels and lymph nodes, not elsewhere classified",0
"Diseases of veins, lymphatic vessels and lymph nodes, not elsewhere classified",Phlebitis and thrombophlebitis of unspecified site,12
"Diseases of veins, lymphatic vessels and lymph nodes, not elsewhere classified",Phlebitis and thrombophlebitis of other deep vessels of lower extremities,251
"Diseases of veins, lymphatic vessels and lymph nodes, not elsewhere classified","Phlebitis and thrombophlebitis of lower extremities, unspecified",21
"Diseases of veins, lymphatic vessels and lymph nodes, not elsewhere classified",Oesophageal varices with bleeding,11
"Diseases of veins, lymphatic vessels and lymph nodes, not elsewhere classified","Lymphoedema, not elsewhere classified",11
Diseases of the circulatory system,Hypertensive diseases,0
Hypertensive diseases,Hypertensive renal disease without renal failure,13
Hypertensive diseases,Hypertensive renal disease with renal failure,806
Hypertensive diseases,Hypertensive heart disease without (congestive) heart failure,1775
Hypertensive diseases,Hypertensive heart disease with (congestive) heart failure,662
Hypertensive diseases,"Hypertensive heart and renal disease, unspecified",18
Hypertensive diseases,Hypertensive heart and renal disease with renal failure,110
Hypertensive diseases,Hypertensive heart and renal disease with both (congestive) heart failure and renal failure,144
Hypertensive diseases,Hypertensive heart and renal disease with (congestive) heart failure,10
Hypertensive diseases,Essential (primary) hypertension,1298
Diseases of the circulatory system,Ischaemic heart diseases,0
Ischaemic heart diseases,Other forms of chronic ischaemic heart disease,168
Ischaemic heart diseases,Other forms of acute ischaemic heart disease,27
Ischaemic heart diseases,Ischaemic cardiomyopathy,1266
Ischaemic heart diseases,"Chronic ischaemic heart disease, unspecified",481
Ischaemic heart diseases,"Acute ischaemic heart disease, unspecified",115
Ischaemic heart diseases,"Acute myocardial infarction, unspecified",9637
Ischaemic heart diseases,Acute subendocardial myocardial infarction,31
Ischaemic heart diseases,"Angina pectoris, unspecified",15
Ischaemic heart diseases,"Atherosclerotic cardiovascular disease, so described",3248
Ischaemic heart diseases,Atherosclerotic heart disease,12573
Diseases of the circulatory system,Other and unspecified disorders of the circulatory system,0
Other and unspecified disorders of the circulatory system,Other and unspecified disorders of circulatory system,17
Other and unspecified disorders of the circulatory system,"Hypotension, unspecified",20
Diseases of the circulatory system,Other forms of heart disease,0
Other forms of heart disease,Ventricular tachycardia,68
Other forms of heart disease,Ventricular fibrillation and flutter,128
Other forms of heart disease,Supraventricular tachycardia,18
Other forms of heart disease,"Sudden cardiac death, so described",257
Other forms of heart disease,Sick sinus syndrome,47
Other forms of heart disease,Pericardial effusion (noninflammatory),26
Other forms of heart disease,Other specified conduction disorders,71
Other forms of heart disease,Other restrictive cardiomyopathy,14
Other forms of heart disease,Other nonrheumatic mitral valve disorders,11
Other forms of heart disease,Other ill-defined heart diseases,148
Other forms of heart disease,Other hypertrophic cardiomyopathy,62
Other forms of heart disease,Other aortic valve disorders,15
Other forms of heart disease,Obstructive hypertrophic cardiomyopathy,14
Other forms of heart disease,"Myocarditis, unspecified",36
Other forms of heart disease,Myocardial degeneration,25
Other forms of heart disease,Mitral (valve) prolapse,20
Other forms of heart disease,Mitral (valve) insufficiency,192
Other forms of heart disease,Left ventricular failure,18
Other forms of heart disease,Infective myocarditis,21
Other forms of heart disease,"Heart failure, unspecified",529
Other forms of heart disease,"Heart disease, unspecified",496
Other forms of heart disease,"Endocarditis, valve unspecified",408
Other forms of heart disease,"Disease of pericardium, unspecified",22
Other forms of heart disease,Dilated cardiomyopathy,314
Other forms of heart disease,Congestive heart failure,3618
Other forms of heart disease,"Conduction disorder, unspecified",20
Other forms of heart disease,"Cardiovascular disease, unspecified",148
Other forms of heart disease,"Cardiomyopathy, unspecified",2039
Other forms of heart disease,Cardiomegaly,116
Other forms of heart disease,"Cardiac arrhythmia, unspecified",764
Other forms of heart disease,"Cardiac arrest, unspecified",1179
Other forms of heart disease,Acute and subacute infective endocarditis,111
Other forms of heart disease,Alcoholic cardiomyopathy,53
Other forms of heart disease,Aortic (valve) insufficiency,53
Other forms of heart disease,Aortic (valve) stenosis,874
Other forms of heart disease,Aortic (valve) stenosis with insufficiency,11
Other forms of heart disease,"Aortic valve disorder, unspecified",134
Other forms of heart disease,Atrial fibrillation and flutter,1410
Other forms of heart disease,"Atrioventricular block, complete",25
Diseases of the circulatory system,Pulmonary heart disease and diseases of pulmonary circulation,0
Pulmonary heart disease and diseases of pulmonary circulation,"Pulmonary heart disease, unspecified",85
Pulmonary heart disease and diseases of pulmonary circulation,Pulmonary embolism without mention of acute cor pulmonale,654
Pulmonary heart disease and diseases of pulmonary circulation,Primary pulmonary hypertension,115
Pulmonary heart disease and diseases of pulmonary circulation,Other specified pulmonary heart diseases,11
Pulmonary heart disease and diseases of pulmonary circulation,Other secondary pulmonary hypertension,400
All Causes,Diseases of the digestive system,0
Diseases of the digestive system,Acute appendicitis with generalized peritonitis,17
Diseases of the digestive system,Diseases of liver,0
Diseases of liver,Primary biliary cirrhosis,23
Diseases of liver,Portal hypertension,10
Diseases of liver,Other specified diseases of liver,10
Diseases of liver,Other and unspecified cirrhosis of liver,1331
Diseases of liver,"Liver disease, unspecified",192
Diseases of liver,"Inflammatory liver disease, unspecified",25
Diseases of liver,Hepatorenal syndrome,30
Diseases of liver,"Hepatic failure, unspecified",249
Diseases of liver,"Fatty (change of) liver, not elsewhere classified",106
Diseases of liver,Abscess of liver,13
Diseases of liver,Acute and subacute hepatic failure,24
Diseases of liver,Alcoholic cirrhosis of liver,715
Diseases of liver,Alcoholic fatty liver,29
Diseases of liver,Alcoholic hepatic failure,85
Diseases of liver,Alcoholic hepatitis,84
Diseases of liver,"Alcoholic liver disease, unspecified",95
Diseases of liver,Autoimmune hepatitis,29
Diseases of the digestive system,"Diseases of oesophagus, stomach and duodenum",0
"Diseases of oesophagus, stomach and duodenum",Perforation of oesophagus,16
"Diseases of oesophagus, stomach and duodenum","Peptic ulcer, site unspecified, unspecified as acute or chronic, without haemorrhage or perforation",12
"Diseases of oesophagus, stomach and duodenum","Peptic ulcer, site unspecified, chronic or unspecified with perforation",18
"Diseases of oesophagus, stomach and duodenum","Peptic ulcer, site unspecified, chronic or unspecified with haemorrhage",47
"Diseases of oesophagus, stomach and duodenum",Other specified diseases of stomach and duodenum,32
"Diseases of oesophagus, stomach and duodenum",Other specified diseases of oesophagus,12
"Diseases of oesophagus, stomach and duodenum",Oesophagitis,14
"Diseases of oesophagus, stomach and duodenum",Oesophageal obstruction,35
"Diseases of oesophagus, stomach and duodenum",Gastro-oesophageal reflux disease without oesophagitis,49
"Diseases of oesophagus, stomach and duodenum","Gastric ulcer, unspecified as acute or chronic, without haemorrhage or perforation",14
"Diseases of oesophagus, stomach and duodenum","Gastric ulcer, chronic or unspecified with perforation",35
"Diseases of oesophagus, stomach and duodenum","Gastric ulcer, chronic or unspecified with haemorrhage",28
"Diseases of oesophagus, stomach and duodenum",Dyskinesia of oesophagus,31
"Diseases of oesophagus, stomach and duodenum","Duodenal ulcer, unspecified as acute or chronic, without haemorrhage or perforation",22
"Diseases of oesophagus, stomach and duodenum","Duodenal ulcer, chronic or unspecified with perforation",60
"Diseases of oesophagus, stomach and duodenum","Duodenal ulcer, chronic or unspecified with haemorrhage",42
"Diseases of oesophagus, stomach and duodenum","Disease of oesophagus, unspecified",11
"Diseases of oesophagus, stomach and duodenum",Adult hypertrophic pyloric stenosis,10
Diseases of the digestive system,Diseases of peritoneum,0
Diseases of peritoneum,"Peritonitis, unspecified",74
Diseases of peritoneum,Other specified disorders of peritoneum,10
Diseases of peritoneum,Haemoperitoneum,21
Diseases of peritoneum,Acute peritonitis,69
Diseases of the digestive system,"Disorders of gallbladder, biliary tract and pancreas",0
"Disorders of gallbladder, biliary tract and pancreas",Other specified diseases of pancreas,11
"Disorders of gallbladder, biliary tract and pancreas",Other chronic pancreatitis,31
"Disorders of gallbladder, biliary tract and pancreas",Obstruction of bile duct,22
"Disorders of gallbladder, biliary tract and pancreas","Disease of pancreas, unspecified",31
"Disorders of gallbladder, biliary tract and pancreas","Disease of gallbladder, unspecified",24
"Disorders of gallbladder, biliary tract and pancreas","Cholecystitis, unspecified",60
"Disorders of gallbladder, biliary tract and pancreas",Cholangitis,44
"Disorders of gallbladder, biliary tract and pancreas",Calculus of gallbladder without cholecystitis,50
"Disorders of gallbladder, biliary tract and pancreas",Acute cholecystitis,64
"Disorders of gallbladder, biliary tract and pancreas",Acute pancreatitis,94
"Disorders of gallbladder, biliary tract and pancreas","Acute pancreatitis, unspecified",133
"Disorders of gallbladder, biliary tract and pancreas",Alcohol-induced acute pancreatitis,23
Diseases of the digestive system,Hernia,0
Hernia,"Ventral hernia with obstruction, without gangrene",22
Hernia,Unspecified abdominal hernia without obstruction or gangrene,13
Hernia,"Unspecified abdominal hernia with obstruction, without gangrene",21
Hernia,"Unilateral or unspecified inguinal hernia, with obstruction, without gangrene",14
Hernia,Diaphragmatic hernia without obstruction or gangrene,27
Diseases of the digestive system,Noninfective enteritis and colitis,0
Noninfective enteritis and colitis,"Ulcerative colitis, unspecified",25
Noninfective enteritis and colitis,"Noninfective gastroenteritis and colitis, unspecified",95
Noninfective enteritis and colitis,"Crohn's disease, unspecified",47
Diseases of the digestive system,Other diseases of intestines,0
Other diseases of intestines,Volvulus,33
Other diseases of intestines,"Vascular disorder of intestine, unspecified",531
Other diseases of intestines,Perforation of intestine (nontraumatic),182
Other diseases of intestines,Other and unspecified intestinal obstruction,399
Other diseases of intestines,"Megacolon, not elsewhere classified",21
Other diseases of intestines,Intestinal adhesions [bands] with obstruction,18
Other diseases of intestines,"Ileus, unspecified",40
Other diseases of intestines,Haemorrhage of anus and rectum,10
Other diseases of intestines,Fistula of intestine,23
Other diseases of intestines,Diverticular disease of large intestine with perforation and abscess,16
Other diseases of intestines,"Diverticular disease of intestine, part unspecified, without perforation or abscess",113
Other diseases of intestines,"Diverticular disease of intestine, part unspecified, with perforation and abscess",73
Other diseases of intestines,"Disease of intestine, unspecified",27
Other diseases of intestines,Chronic vascular disorders of intestine,18
Other diseases of intestines,Acute vascular disorders of intestine,198
Diseases of the digestive system,Other diseases of the digestive system,0
Other diseases of the digestive system,"Gastrointestinal haemorrhage, unspecified",730
Other diseases of the digestive system,"Blind loop syndrome, not elsewhere classified",17
All Causes,Diseases of the genitourinary system,0
Diseases of the genitourinary system,Calculus of kidney,29
Diseases of the genitourinary system,"Chronic nephritic syndrome, unspecified",123
Diseases of the genitourinary system,Hyperplasia of prostate,32
Diseases of the genitourinary system,Other diseases of urinary system,0
Other diseases of urinary system,Vesicointestinal fistula,15
Other diseases of urinary system,"Urinary tract infection, site not specified",973
Other diseases of urinary system,"Neuromuscular dysfunction of bladder, unspecified",11
Diseases of the genitourinary system,Other disorders of kidney and ureter,0
Other disorders of kidney and ureter,Other specified disorders of kidney and ureter,67
Other disorders of kidney and ureter,"Disorder of kidney and ureter, unspecified",57
Diseases of the genitourinary system,Renal failure,0
Renal failure,Unspecified renal failure,892
Renal failure,End-stage renal disease,531
Renal failure,"Chronic renal failure, unspecified",674
Renal failure,"Chronic kidney disease, stage 5",528
Renal failure,Acute renal failure with tubular necrosis,12
Renal failure,"Acute renal failure, unspecified",678
Diseases of the genitourinary system,Renal tubulo-interstitial diseases,0
Renal tubulo-interstitial diseases,"Tubulo-interstitial nephritis, not specified as acute or chronic",35
Renal tubulo-interstitial diseases,"Obstructive and reflux uropathy, unspecified",22
All Causes,Diseases of the musculoskeletal system and connective tissue,0
Diseases of the musculoskeletal system and connective tissue,Arthropathies,0
Arthropathies,Rheumatoid lung disease (J99.0*),13
Arthropathies,"Rheumatoid arthritis, unspecified",176
Arthropathies,"Pyogenic arthritis, unspecified",27
Arthropathies,"Arthritis, unspecified",15
Arthropathies,"Arthrosis, unspecified",84
Diseases of the musculoskeletal system and connective tissue,Dorsopathies,0
Dorsopathies,Spinal stenosis,31
Dorsopathies,"Scoliosis, unspecified",20
Dorsopathies,Osteomyelitis of vertebra,20
Dorsopathies,"Discitis, unspecified",16
Diseases of the musculoskeletal system and connective tissue,Osteopathies and chondropathies,0
Osteopathies and chondropathies,Unspecified osteoporosis with pathological fracture,53
Osteopathies and chondropathies,"Pathological fracture, not elsewhere classified",10
Osteopathies and chondropathies,"Osteoporosis, unspecified",51
Osteopathies and chondropathies,"Osteomyelitis, unspecified",118
Diseases of the musculoskeletal system and connective tissue,Soft tissue disorders,0
Soft tissue disorders,Other specified disorders of muscle,41
Soft tissue disorders,Necrotizing fasciitis,38
Soft tissue disorders,"Myositis, unspecified",11
Diseases of the musculoskeletal system and connective tissue,Systemic connective tissue disorders,0
Systemic connective tissue disorders,Wegener's granulomatosis,27
Systemic connective tissue disorders,Thrombotic microangiopathy,18
Systemic connective tissue disorders,"Systemic sclerosis, unspecified",30
Systemic connective tissue disorders,Systemic lupus erythematosus with organ or system involvement,81
Systemic connective tissue disorders,"Systemic involvement of connective tissue, unspecified",18
Systemic connective tissue disorders,Polymyositis,10
Systemic connective tissue disorders,Other forms of systemic sclerosis,68
All Causes,Diseases of the nervous system,0
Diseases of the nervous system,Cerebral palsy and other paralytic syndromes,0
Cerebral palsy and other paralytic syndromes,"Tetraplegia, unspecified",31
Cerebral palsy and other paralytic syndromes,"Paraplegia, unspecified",44
Cerebral palsy and other paralytic syndromes,"Infantile cerebral palsy, unspecified",92
Diseases of the nervous system,Diseases of myoneural junction and muscle,0
Diseases of myoneural junction and muscle,Myotonic disorders,29
Diseases of myoneural junction and muscle,"Myoneural disorder, unspecified",20
Diseases of myoneural junction and muscle,Myasthenia gravis,47
Diseases of myoneural junction and muscle,Muscular dystrophy,55
Diseases of the nervous system,Episodic and paroxysmal disorders,0
Episodic and paroxysmal disorders,"Transient cerebral ischaemic attack, unspecified",17
Episodic and paroxysmal disorders,"Status epilepticus, unspecified",74
Episodic and paroxysmal disorders,Sleep apnoea,105
Episodic and paroxysmal disorders,"Grand mal seizures, unspecified (with or without petit mal)",10
Episodic and paroxysmal disorders,"Epilepsy, unspecified",66
Diseases of the nervous system,Extrapyramidal and movement disorders,0
Extrapyramidal and movement disorders,Parkinson's disease,1829
Extrapyramidal and movement disorders,"Dystonia, unspecified",10
Diseases of the nervous system,Inflammatory diseases of the central nervous system,0
Inflammatory diseases of the central nervous system,"Meningitis, unspecified",20
Inflammatory diseases of the central nervous system,"Extradural and subdural abscess, unspecified",18
Inflammatory diseases of the central nervous system,"Encephalitis, myelitis and encephalomyelitis, unspecified",25
Diseases of the nervous system,Multiple sclerosis,334
Diseases of the nervous system,Other degenerative diseases of the nervous system,0
Other degenerative diseases of the nervous system,"Senile degeneration of brain, not elsewhere classified",76
Other degenerative diseases of the nervous system,Other specified degenerative diseases of nervous system,166
Other degenerative diseases of the nervous system,"Degenerative disease of nervous system, unspecified",36
Other degenerative diseases of the nervous system,Degeneration of nervous system due to alcohol,12
Other degenerative diseases of the nervous system,Circumscribed brain atrophy,44
Other degenerative diseases of the nervous system,Alzheimer's disease with late onset,213
Other degenerative diseases of the nervous system,"Alzheimer's disease, unspecified",5327
Diseases of the nervous system,Other disorders of the nervous system,0
Other disorders of the nervous system,Other specified disorders of brain,25
Other disorders of the nervous system,Normal-pressure hydrocephalus,46
Other disorders of the nervous system,Multi-system degeneration,13
Other disorders of the nervous system,"Hydrocephalus, unspecified",32
Other disorders of the nervous system,"Encephalopathy, unspecified",191
Other disorders of the nervous system,"Disorder of brain, unspecified",32
Other disorders of the nervous system,Compression of brain,14
Other disorders of the nervous system,Cerebral oedema,25
Other disorders of the nervous system,"Anoxic brain damage, not elsewhere classified",735
Diseases of the nervous system,Polyneuropathies and other disorders of the peripheral nervous system,0
Polyneuropathies and other disorders of the peripheral nervous system,"Polyneuropathy, unspecified",22
Polyneuropathies and other disorders of the peripheral nervous system,Guillain-Barre syndrome,17
Diseases of the nervous system,Systemic atrophies primarily affecting the central nervous system,0
Systemic atrophies primarily affecting the central nervous system,Motor neuron disease,542
Systemic atrophies primarily affecting the central nervous system,Huntington's disease,92
Systemic atrophies primarily affecting the central nervous system,Early-onset cerebellar ataxia,11
All Causes,Diseases of the respiratory system,0
Diseases of the respiratory system,Chronic lower respiratory diseases,0
Chronic lower respiratory diseases,Unspecified chronic bronchitis,17
Chronic lower respiratory diseases,Status asthmaticus,27
Chronic lower respiratory diseases,Predominantly allergic asthma,10
Chronic lower respiratory diseases,Other specified chronic obstructive pulmonary disease,215
Chronic lower respiratory diseases,"Emphysema, unspecified",1355
Chronic lower respiratory diseases,"Chronic obstructive pulmonary disease, unspecified",8400
Chronic lower respiratory diseases,Chronic obstructive pulmonary disease with acute lower respiratory infection,840
Chronic lower respiratory diseases,"Chronic obstructive pulmonary disease with acute exacerbation, unspecified",243
Chronic lower respiratory diseases,"Asthma, unspecified",236
Chronic lower respiratory diseases,Bronchiectasis,106
Chronic lower respiratory diseases,"Bronchitis, not specified as acute or chronic",26
Diseases of the respiratory system,Influenza and pneumonia,0
Influenza and pneumonia,"Viral pneumonia, unspecified",16
Influenza and pneumonia,"Pneumonia, unspecified",3750
Influenza and pneumonia,Pneumonia due to Streptococcus pneumoniae,31
Influenza and pneumonia,Pneumonia due to staphylococcus,104
Influenza and pneumonia,Pneumonia due to Pseudomonas,41
Influenza and pneumonia,Pneumonia due to other streptococci,43
Influenza and pneumonia,"Lobar pneumonia, unspecified",67
Influenza and pneumonia,"Influenza with pneumonia, virus not identified",38
Influenza and pneumonia,"Influenza with pneumonia, influenza virus identified",16
Influenza and pneumonia,"Influenza with other respiratory manifestations, virus not identified",59
Influenza and pneumonia,"Influenza with other respiratory manifestations, influenza virus identified",13
Influenza and pneumonia,"Bacterial pneumonia, unspecified",115
Influenza and pneumonia,"Bronchopneumonia, unspecified",63
Diseases of the respiratory system,Lung diseases due to external agents,0
Lung diseases due to external agents,Pneumonitis due to food and vomit,1339
Lung diseases due to external agents,Pneumoconiosis due to asbestos and other mineral fibres,16
Lung diseases due to external agents,Coalworker's pneumoconiosis,11
Diseases of the respiratory system,Other acute lower respiratory infections,0
Other acute lower respiratory infections,"Acute bronchiolitis, unspecified",11
Other acute lower respiratory infections,"Acute bronchitis, unspecified",16
Diseases of the respiratory system,Other diseases of pleura,0
Other diseases of pleura,"Pneumothorax, unspecified",28
Other diseases of pleura,"Pleural effusion, not elsewhere classified",114
Diseases of the respiratory system,Other diseases of the respiratory system,0
Other diseases of the respiratory system,"Respiratory failure, unspecified",251
Other diseases of the respiratory system,"Respiratory disorder, unspecified",10
Other diseases of the respiratory system,Pulmonary collapse,13
Other diseases of the respiratory system,Other specified respiratory disorders,40
Other diseases of the respiratory system,Other disorders of lung,235
Other diseases of the respiratory system,"Diseases of mediastinum, not elsewhere classified",13
Other diseases of the respiratory system,Chronic respiratory failure,167
Other diseases of the respiratory system,Acute respiratory failure,83
Other diseases of upper respiratory tract,Other specified diseases of upper respiratory tract,20
Diseases of the respiratory system,Other respiratory diseases principally affecting the interstitium,0
Other respiratory diseases principally affecting the interstitium,Pulmonary oedema,57
Other respiratory diseases principally affecting the interstitium,Other interstitial pulmonary diseases with fibrosis,1084
Other respiratory diseases principally affecting the interstitium,"Interstitial pulmonary disease, unspecified",223
Other respiratory diseases principally affecting the interstitium,Adult respiratory distress syndrome,138
Other respiratory diseases principally affecting the interstitium,Alveolar and parietoalveolar conditions,12
Diseases of the respiratory system,Suppurative and necrotic conditions of lower respiratory tract,0
Suppurative and necrotic conditions of lower respiratory tract,Pyothorax without fistula,23
Suppurative and necrotic conditions of lower respiratory tract,Abscess of lung without pneumonia,17
All Causes,Diseases of the skin and subcutaneous tissue,0
Diseases of the skin and subcutaneous tissue,Infections of the skin and subcutaneous tissue,0
Infections of the skin and subcutaneous tissue,"Local infection of skin and subcutaneous tissue, unspecified",53
Infections of the skin and subcutaneous tissue,"Cellulitis, unspecified",82
Infections of the skin and subcutaneous tissue,Cellulitis of other parts of limb,29
Diseases of the skin and subcutaneous tissue,Other disorders of the skin and subcutaneous tissue,0
Other disorders of the skin and subcutaneous tissue,"Ulcer of lower limb, not elsewhere classified",16
Other disorders of the skin and subcutaneous tissue,Discoid lupus erythematosus,10
Other disorders of the skin and subcutaneous tissue,"Decubitus ulcer and pressure area, unspecified",42
Other disorders of the skin and subcutaneous tissue,Decubitus ulcer,71
Other disorders of the skin and subcutaneous tissue,"Chronic ulcer of skin, not elsewhere classified",14
All Causes,"Endocrine, nutritional and metabolic diseases",0
"Endocrine, nutritional and metabolic diseases",Diabetes mellitus,0
Diabetes mellitus,"Unspecified diabetes mellitus, without complications",3004
Diabetes mellitus,"Unspecified diabetes mellitus, with renal complications",453
Diabetes mellitus,"Unspecified diabetes mellitus, with peripheral circulatory complications",324
Diabetes mellitus,"Unspecified diabetes mellitus, with other specified complications",28
Diabetes mellitus,"Unspecified diabetes mellitus, with neurological complications",22
Diabetes mellitus,"Unspecified diabetes mellitus, with multiple complications",67
Diabetes mellitus,"Unspecified diabetes mellitus, with ketoacidosis",188
Diabetes mellitus,"Unspecified diabetes mellitus, with coma",32
Diabetes mellitus,"Non-insulin-dependent diabetes mellitus, without complications",1307
Diabetes mellitus,"Non-insulin-dependent diabetes mellitus, with renal complications",254
Diabetes mellitus,"Non-insulin-dependent diabetes mellitus, with peripheral circulatory complications",139
Diabetes mellitus,"Non-insulin-dependent diabetes mellitus, with other specified complications",10
Diabetes mellitus,"Non-insulin-dependent diabetes mellitus, with neurological complications",10
Diabetes mellitus,"Non-insulin-dependent diabetes mellitus, with multiple complications",49
Diabetes mellitus,"Non-insulin-dependent diabetes mellitus, with ketoacidosis",19
Diabetes mellitus,"Insulin-dependent diabetes mellitus, without complications",281
Diabetes mellitus,"Insulin-dependent diabetes mellitus, with renal complications",39
Diabetes mellitus,"Insulin-dependent diabetes mellitus, with peripheral circulatory complications",27
Diabetes mellitus,"Insulin-dependent diabetes mellitus, with multiple complications",11
Diabetes mellitus,"Insulin-dependent diabetes mellitus, with ketoacidosis",19
"Endocrine, nutritional and metabolic diseases",Disorders of thyroid gland,0
Disorders of thyroid gland,"Thyrotoxicosis, unspecified",18
Disorders of thyroid gland,"Hypothyroidism, unspecified",101
"Endocrine, nutritional and metabolic diseases","Hypoglycaemia, unspecified",26
"Endocrine, nutritional and metabolic diseases",Malnutrition,0
Malnutrition,Unspecified severe protein-energy malnutrition,63
Malnutrition,Unspecified protein-energy malnutrition,304
Malnutrition,Retarded development following protein-energy malnutrition,15
"Endocrine, nutritional and metabolic diseases",Metabolic disorders,0
Metabolic disorders,Volume depletion,296
Metabolic disorders,Pure hypercholesterolaemia,219
Metabolic disorders,Other sphingolipidosis,10
Metabolic disorders,"Other disorders of electrolyte and fluid balance, not elsewhere classified",70
Metabolic disorders,Organ-limited amyloidosis,39
Metabolic disorders,"Metabolic disorder, unspecified",78
Metabolic disorders,Hypo-osmolality and hyponatraemia,35
Metabolic disorders,Hyperosmolality and hypernatraemia,57
Metabolic disorders,"Hyperlipidaemia, unspecified",625
Metabolic disorders,Hyperkalaemia,52
Metabolic disorders,"Disorders of plasma-protein metabolism, not elsewhere classified",28
Metabolic disorders,Disorders of iron metabolism,22
Metabolic disorders,Disorders of calcium metabolism,26
Metabolic disorders,"Cystic fibrosis, unspecified",11
Metabolic disorders,Cystic fibrosis with pulmonary manifestations,20
Metabolic disorders,Cystic fibrosis with other manifestations,11
Metabolic disorders,Acidosis,118
Metabolic disorders,"Amyloidosis, unspecified",39
"Endocrine, nutritional and metabolic diseases","Nutritional deficiency, unspecified",13
"Endocrine, nutritional and metabolic diseases",Obesity and other hyperalimentation,0
Obesity and other hyperalimentation,Other obesity,250
Obesity and other hyperalimentation,"Obesity, unspecified",207
Obesity and other hyperalimentation,Extreme obesity with alveolar hypoventilation,11
"Endocrine, nutritional and metabolic diseases",Other and unspecified adrenocortical insufficiency,10
All Causes,External causes of morbidity and mortality,0
External causes of morbidity and mortality,Assault,0
Assault,By unspecified person,19
Assault,"Assault by hanging, strangulation and suffocation",51
Assault,Assault by other and unspecified firearm discharge,1324
Assault,Assault by other specified means,75
Assault,"Assault by rifle, shotgun and larger firearm discharge",40
Assault,Assault by sharp object,175
Assault,"Assault by smoke, fire and flames",17
Assault,Assault by unspecified means,93
External causes of morbidity and mortality,Complications of medical and surgical care,0
Complications of medical and surgical care,"Surgical procedure, unspecified",74
Complications of medical and surgical care,Surgical operation with implant of artificial internal device,24
Complications of medical and surgical care,"Surgical operation with anastomosis, bypass or graft",18
Complications of medical and surgical care,Other medical procedures,27
Complications of medical and surgical care,"Drug or medicament, unspecified",11
External causes of morbidity and mortality,Event of undetermined intent,0
Event of undetermined intent,"Unspecified event, undetermined intent",30
Event of undetermined intent,"Poisoning by and exposure to other and unspecified drugs, medicaments and biological substances, undetermined intent",100
Event of undetermined intent,"Poisoning by and exposure to narcotics and psychodysleptics [hallucinogens], not elsewhere classified, undetermined intent",40
Event of undetermined intent,"Poisoning by and exposure to antiepileptic, sedative-hypnotic, antiparkinsonism and psychotropic drugs, not elsewhere classified, undetermined intent",35
Event of undetermined intent,"Other specified events, undetermined intent",12
Event of undetermined intent,"Other and unspecified firearm discharge, undetermined intent",28
Event of undetermined intent,"Hanging, strangulation and suffocation, undetermined intent",11
Event of undetermined intent,"Exposure to smoke, fire and flames, undetermined intent",10
Event of undetermined intent,"Drowning and submersion, undetermined intent",19
External causes of morbidity and mortality,Intentional self-harm,0
Intentional self-harm,Intentional self-poisoning by and exposure to other gases and vapours,132
Intentional self-harm,"Intentional self-poisoning by and exposure to other and unspecified drugs, medicaments and biological substances",203
Intentional self-harm,Intentional self-poisoning by and exposure to other and unspecified chemicals and noxious substances,11
Intentional self-harm,"Intentional self-poisoning by and exposure to nonopioid analgesics, antipyretics and antirheumatics",25
Intentional self-harm,"Intentional self-poisoning by and exposure to narcotics and psychodysleptics [hallucinogens], not elsewhere classified",32
Intentional self-harm,"Intentional self-poisoning by and exposure to antiepileptic, sedative-hypnotic, antiparkinsonism and psychotropic drugs, not elsewhere classified",82
Intentional self-harm,"Intentional self-harm by smoke, fire and flames",16
Intentional self-harm,Intentional self-harm by sharp object,51
Intentional self-harm,"Intentional self-harm by rifle, shotgun and larger firearm discharge",163
Intentional self-harm,Intentional self-harm by other and unspecified firearm discharge,1252
Intentional self-harm,Intentional self-harm by jumping or lying before moving object,26
Intentional self-harm,Intentional self-harm by jumping from a high place,47
Intentional self-harm,"Intentional self-harm by hanging, strangulation and suffocation",693
Intentional self-harm,Intentional self-harm by handgun discharge,52
Intentional self-harm,Intentional self-harm by drowning and submersion,26
Intentional self-harm,Intentional self-harm by crashing of motor vehicle,12
External causes of morbidity and mortality,Other external causes of accidental injury,0
Other external causes of accidental injury,Unspecified threat to breathing,38
Other external causes of accidental injury,Unspecified fall,1320
Other external causes of accidental injury,Unspecified drowning and submersion,112
Other external causes of accidental injury,"Struck by thrown, projected or falling object",22
Other external causes of accidental injury,Other specified threats to breathing,12
Other external causes of accidental injury,Other fall on same level,134
Other external causes of accidental injury,Other fall from one level to another,67
Other external causes of accidental injury,Other accidental hanging and strangulation,23
Other external causes of accidental injury,Inhalation of gastric contents,19
Other external causes of accidental injury,Inhalation and ingestion of other objects causing obstruction of respiratory tract,357
Other external causes of accidental injury,Inhalation and ingestion of food causing obstruction of respiratory tract,52
Other external causes of accidental injury,"Fall on same level from slipping, tripping and stumbling",14
Other external causes of accidental injury,Fall on and from stairs and steps,123
Other external causes of accidental injury,Fall on and from ladder,15
Other external causes of accidental injury,Fall involving wheelchair,17
Other external causes of accidental injury,Fall involving bed,20
Other external causes of accidental injury,"Fall from, out of or through building or structure",23
Other external causes of accidental injury,"Exposure to unspecified smoke, fire and flames",10
Other external causes of accidental injury,Exposure to unspecified factor causing other and unspecified injury,94
Other external causes of accidental injury,Exposure to unspecified factor causing fracture,140
Other external causes of accidental injury,Exposure to unspecified factor,435
Other external causes of accidental injury,Exposure to unspecified electric current,11
Other external causes of accidental injury,Exposure to uncontrolled fire in building or structure,186
Other external causes of accidental injury,Exposure to excessive natural heat,11
Other external causes of accidental injury,Exposure to excessive natural cold,34
Other external causes of accidental injury,Drowning and submersion while in natural water,45
Other external causes of accidental injury,Drowning and submersion while in bath-tub,10
Other external causes of accidental injury,Discharge from other and unspecified firearms,29
Other external causes of accidental injury,Accidental poisoning by and exposure to alcohol,103
Other external causes of accidental injury,"Accidental poisoning by and exposure to antiepileptic, sedative-hypnotic, antiparkinsonism and psychotropic drugs, not elsewhere classified",136
Other external causes of accidental injury,"Accidental poisoning by and exposure to narcotics and psychodysleptics [hallucinogens], not elsewhere classified",1719
Other external causes of accidental injury,"Accidental poisoning by and exposure to nonopioid analgesics, antipyretics and antirheumatics",18
Other external causes of accidental injury,Accidental poisoning by and exposure to organic solvents and halogenated hydrocarbons and their vapours,10
Other external causes of accidental injury,Accidental poisoning by and exposure to other and unspecified chemicals and noxious substances,12
Other external causes of accidental injury,"Accidental poisoning by and exposure to other and unspecified drugs, medicaments and biological substances",1217
Other external causes of accidental injury,Accidental poisoning by and exposure to other gases and vapours,52
Other external causes of accidental injury,Accidental suffocation and strangulation in bed,63
External causes of morbidity and mortality,Sequelae of external causes of morbidity and mortality,0
Sequelae of external causes of morbidity and mortality,"Sequelae of surgical and medical procedures as the cause of abnormal reaction of the patient, or of later complication, without mention of misadventure at the time of the procedure",10
Sequelae of external causes of morbidity and mortality,Sequelae of other accidents,74
Sequelae of external causes of morbidity and mortality,Sequelae of motor-vehicle accident,39
Sequelae of external causes of morbidity and mortality,Sequelae of assault,27
External causes of morbidity and mortality,Transport accidents,0
Transport accidents,Unspecified whether traffic or nontraffic accident,18
Transport accidents,Unspecified aircraft accident injuring occupant,23
Transport accidents,Person injured in unspecified vehicle accident,20
Transport accidents,"Person injured in unspecified motor-vehicle accident, traffic",693
Transport accidents,Person injured in collision between other specified motor vehicles (traffic),469
Transport accidents,Person injured in collision between car and two- or three-wheeled motor vehicle (traffic),10
Transport accidents,Person injured in collision between car and pick-up truck or van (traffic),23
Transport accidents,Person injured in collision between car and heavy transport vehicle (traffic),20
Transport accidents,Pedestrian injured in unspecified transport accident,14
Transport accidents,Pedestrian injured in traffic accident involving other and unspecified motor vehicles,178
Transport accidents,"Pedestrian injured in collision with car, pick-up truck or van, traffic accident",124
Transport accidents,"Pedestrian injured in collision with car, pick-up truck or van, nontraffic accident",10
Transport accidents,"Motorcycle rider injured in noncollision transport accident, driver injured in traffic accident",17
Transport accidents,"Motorcycle rider injured in collision with fixed or stationary object, driver injured in traffic accident",48
Transport accidents,"Motorcycle rider injured in collision with car, pick-up truck or van, driver injured in traffic accident",48
Transport accidents,Motorcycle rider [any] injured in unspecified traffic accident,65
Transport accidents,Driver injured in collision with other and unspecified motor vehicles in traffic accident,11
Transport accidents,Driver injured in collision with other and unspecified motor vehicles in traffic accident,11
Transport accidents,Driver injured in collision with other and unspecified motor vehicles in traffic accident,56
Transport accidents,"Car occupant injured in noncollision transport accident, unspecified car occupant injured in traffic accident",15
Transport accidents,"Car occupant injured in noncollision transport accident, driver injured in traffic accident",21
Transport accidents,"Car occupant injured in collision with heavy transport vehicle or bus, driver injured in traffic accident",13
Transport accidents,"Car occupant injured in collision with fixed or stationary object, passenger injured in traffic accident",41
Transport accidents,"Car occupant injured in collision with fixed or stationary object, driver injured in traffic accident",121
Transport accidents,"Car occupant injured in collision with car, pick-up truck or van, unspecified car occupant injured in traffic accident",21
Transport accidents,"Car occupant injured in collision with car, pick-up truck or van, passenger injured in traffic accident",68
Transport accidents,"Car occupant injured in collision with car, pick-up truck or van, driver injured in traffic accident",135
Transport accidents,Car occupant [any] injured in unspecified traffic accident,86
All Causes,Mental and behavioural disorders,0
Mental and behavioural disorders,Mental and behavioural disorders due to psychoactive substance use,0
Mental and behavioural disorders due to psychoactive substance use,"Mental and behavioural disorders due to use of tobacco, unspecified mental and behavioural disorder",35
Mental and behavioural disorders due to psychoactive substance use,"Mental and behavioural disorders due to use of opioids, unspecified mental and behavioural disorder",23
Mental and behavioural disorders due to psychoactive substance use,"Mental and behavioural disorders due to use of cocaine, unspecified mental and behavioural disorder",25
Mental and behavioural disorders due to psychoactive substance use,"Mental and behavioural disorders due to use of alcohol, withdrawal state",12
Mental and behavioural disorders due to psychoactive substance use,"Mental and behavioural disorders due to use of alcohol, unspecified mental and behavioural disorder",18
Mental and behavioural disorders due to psychoactive substance use,"Mental and behavioural disorders due to use of alcohol, residual and late-onset psychotic disorder",13
Mental and behavioural disorders due to psychoactive substance use,"Mental and behavioural disorders due to use of alcohol, harmful use",166
Mental and behavioural disorders due to psychoactive substance use,"Mental and behavioural disorders due to use of alcohol, dependence syndrome",168
Mental and behavioural disorders due to psychoactive substance use,"Mental and behavioural disorders due to use of alcohol, acute intoxication",35
Mental and behavioural disorders due to psychoactive substance use,"Mental and behavioural disorders due to multiple drug use and use of other psychoactive substances, unspecified mental and behavioural disorder",36
Mental and behavioural disorders due to psychoactive substance use,"Mental and behavioural disorders due to multiple drug use and use of other psychoactive substances, harmful use",48
Mental and behavioural disorders due to psychoactive substance use,"Mental and behavioural disorders due to multiple drug use and use of other psychoactive substances, dependence syndrome",14
Mental and behavioural disorders,Mental retardation,0
Mental retardation,Unspecified mental retardation,33
Mental retardation,Profound mental retardation,18
Mental and behavioural disorders,Mood [affective] disorders,0
Mood [affective] disorders,"Depressive episode, unspecified",48
Mood [affective] disorders,"Bipolar affective disorder, unspecified",14
Mental and behavioural disorders,"Organic, including symptomatic, mental disorders",0
"Organic, including symptomatic, mental disorders","Vascular dementia, unspecified",646
"Organic, including symptomatic, mental disorders",Unspecified mental disorder due to brain damage and dysfunction and to physical disease,183
"Organic, including symptomatic, mental disorders",Unspecified dementia,7883
"Organic, including symptomatic, mental disorders",Multi-infarct dementia,68
"Organic, including symptomatic, mental disorders","Delirium, unspecified",23
"Organic, including symptomatic, mental disorders",Delirium superimposed on dementia,19
Mental and behavioural disorders,Psychological and behavioural factors associated with disorders or diseases classified elsewhere,17
Mental and behavioural disorders,"Schizophrenia, unspecified",43
All Causes,Neoplasms,0
Neoplasms,Malignant neoplasms,0
Malignant neoplasms,Waldenstrom's macroglobulinaemia - Malignant neoplasms,14
Malignant neoplasms,"Vulva, unspecified - Malignant neoplasms",88
Malignant neoplasms,"Urinary organ, unspecified - Malignant neoplasms",15
Malignant neoplasms,Urethra - Malignant neoplasms,15
Malignant neoplasms,"Upper lobe, bronchus or lung - Malignant neoplasms",68
Malignant neoplasms,"Tonsil, unspecified - Malignant neoplasms",79
Malignant neoplasms,"Tongue, unspecified - Malignant neoplasms",136
Malignant neoplasms,"Testis, unspecified - Malignant neoplasms",23
Malignant neoplasms,Supraglottis - Malignant neoplasms,18
Malignant neoplasms,"Stomach, unspecified - Malignant neoplasms",629
Malignant neoplasms,"Small intestine, unspecified - Malignant neoplasms",30
Malignant neoplasms,Small cleaved cell (diffuse) - Malignant neoplasms,63
Malignant neoplasms,Small cell (diffuse) - Malignant neoplasms,15
Malignant neoplasms,Skin of scalp and neck - Malignant neoplasms,86
Malignant neoplasms,Skin of other and unspecified parts of face - Malignant neoplasms,12
Malignant neoplasms,Sigmoid colon - Malignant neoplasms,33
Malignant neoplasms,Secondary malignant neoplasm of retroperitoneum and peritoneum - Malignant neoplasms,49
Malignant neoplasms,Secondary malignant neoplasm of other specified sites - Malignant neoplasms,248
Malignant neoplasms,Secondary malignant neoplasm of lung - Malignant neoplasms,18
Malignant neoplasms,Secondary malignant neoplasm of liver - Malignant neoplasms,111
Malignant neoplasms,Secondary malignant neoplasm of brain and cerebral meninges - Malignant neoplasms,47
Malignant neoplasms,Secondary malignant neoplasm of bone and bone marrow - Malignant neoplasms,22
Malignant neoplasms,Retroperitoneum - Malignant neoplasms,14
Malignant neoplasms,"Pharynx, unspecified - Malignant neoplasms",95
Malignant neoplasms,"Peritoneum, unspecified - Malignant neoplasms",78
Malignant neoplasms,"Penis, unspecified - Malignant neoplasms",28
Malignant neoplasms,Pelvis - Malignant neoplasms,20
Malignant neoplasms,"Pancreas, unspecified - Malignant neoplasms",2626
Malignant neoplasms,Other myeloid leukaemia - Malignant neoplasms,39
Malignant neoplasms,Other ill-defined sites - Malignant neoplasms,15
Malignant neoplasms,Other and unspecified T-cell lymphomas - Malignant neoplasms,43
Malignant neoplasms,"Oropharynx, unspecified - Malignant neoplasms",34
Malignant neoplasms,"Oesophagus, unspecified - Malignant neoplasms",1167
Malignant neoplasms,"Non-Hodgkin's lymphoma, unspecified type - Malignant neoplasms",1114
Malignant neoplasms,"Nasopharynx, unspecified - Malignant neoplasms",36
Malignant neoplasms,Multiple myeloma - Malignant neoplasms,836
Malignant neoplasms,"Mouth, unspecified - Malignant neoplasms",65
Malignant neoplasms,"Mesothelioma, unspecified - Malignant neoplasms",129
Malignant neoplasms,Malignant neoplasms of independent (primary) multiple sites,310
Malignant neoplasms,Malignant neoplasm without specification of site,2073
Malignant neoplasms,Malignant neoplasm of vagina,36
Malignant neoplasms,"Malignant neoplasm of uterus, part unspecified",383
Malignant neoplasms,Malignant neoplasm of ureter,36
Malignant neoplasms,Malignant neoplasm of trachea,18
Malignant neoplasms,Malignant neoplasm of thyroid gland,105
Malignant neoplasms,Malignant neoplasm of thymus,15
Malignant neoplasms,"Malignant neoplasm of skin, unspecified - Malignant neoplasms",91
Malignant neoplasms,Malignant neoplasm of renal pelvis,17
Malignant neoplasms,Malignant neoplasm of rectum,603
Malignant neoplasms,Malignant neoplasm of rectosigmoid junction,182
Malignant neoplasms,Malignant neoplasm of prostate,1993
Malignant neoplasms,Malignant neoplasm of parotid gland,36
Malignant neoplasms,Malignant neoplasm of ovary,1111
Malignant neoplasms,"Malignant neoplasm of kidney, except renal pelvis",983
Malignant neoplasms,Malignant neoplasm of gallbladder,138
Malignant neoplasms,"Malignant melanoma of skin, unspecified - Malignant neoplasms",653
Malignant neoplasms,"Major salivary gland, unspecified - Malignant neoplasms",12
Malignant neoplasms,"Lower lobe, bronchus or lung - Malignant neoplasms",30
Malignant neoplasms,"Liver, unspecified - Malignant neoplasms",384
Malignant neoplasms,Liver cell carcinoma - Malignant neoplasms,603
Malignant neoplasms,"Leukaemia, unspecified - Malignant neoplasms",175
Malignant neoplasms,"Larynx, unspecified - Malignant neoplasms",301
Malignant neoplasms,Large cell (diffuse) - Malignant neoplasms,111
Malignant neoplasms,Intrahepatic bile duct carcinoma - Malignant neoplasms,366
Malignant neoplasms,"Intestinal tract, part unspecified - Malignant neoplasms",20
Malignant neoplasms,Ill-defined sites within the digestive system - Malignant neoplasms,54
Malignant neoplasms,"Hypopharynx, unspecified - Malignant neoplasms",11
Malignant neoplasms,"Hodgkin's disease, unspecified - Malignant neoplasms",100
Malignant neoplasms,"Head, face and neck - Malignant neoplasms",73
Malignant neoplasms,Hairy-cell leukaemia - Malignant neoplasms,15
Malignant neoplasms,Glottis - Malignant neoplasms,10
Malignant neoplasms,"Follicular non-Hodgkin's lymphoma, unspecified - Malignant neoplasms",29
Malignant neoplasms,"Female genital organ, unspecified - Malignant neoplasms",17
Malignant neoplasms,Fallopian tube - Malignant neoplasms,18
Malignant neoplasms,"Eye, unspecified - Malignant neoplasms",13
Malignant neoplasms,Extrahepatic bile duct - Malignant neoplasms,36
Malignant neoplasms,Endometrium - Malignant neoplasms,327
Malignant neoplasms,Duodenum - Malignant neoplasms,50
Malignant neoplasms,"Connective and soft tissue, unspecified - Malignant neoplasms",250
Malignant neoplasms,"Connective and soft tissue of lower limb, including hip - Malignant neoplasms",17
Malignant neoplasms,Connective and soft tissue of abdomen - Malignant neoplasms,17
Malignant neoplasms,"Colon, unspecified - Malignant neoplasms",3244
Malignant neoplasms,Chronic myeloid leukaemia - Malignant neoplasms,85
Malignant neoplasms,Chronic lymphocytic leukaemia - Malignant neoplasms,341
Malignant neoplasms,Chronic leukaemia of unspecified cell type - Malignant neoplasms,12
Malignant neoplasms,"Cervix uteri, unspecified - Malignant neoplasms",326
Malignant neoplasms,"Cerebrum, except lobes and ventricles - Malignant neoplasms",14
Malignant neoplasms,Cerebellum - Malignant neoplasms,10
Malignant neoplasms,Cardia - Malignant neoplasms,52
Malignant neoplasms,Caecum - Malignant neoplasms,26
Malignant neoplasms,Burkitt's tumour - Malignant neoplasms,17
Malignant neoplasms,"Bronchus or lung, unspecified - Malignant neoplasms",13280
Malignant neoplasms,Abdomen - Malignant neoplasms,51
Malignant neoplasms,"Accessory sinus, unspecified - Malignant neoplasms",19
Malignant neoplasms,Acute leukaemia of unspecified cell type - Malignant neoplasms,146
Malignant neoplasms,Acute lymphoblastic leukaemia - Malignant neoplasms,87
Malignant neoplasms,Acute myeloid leukaemia - Malignant neoplasms,665
Malignant neoplasms,Acute promyelocytic leukaemia - Malignant neoplasms,12
Malignant neoplasms,"Adrenal gland, unspecified - Malignant neoplasms",44
Malignant neoplasms,Ampulla of Vater - Malignant neoplasms,15
Malignant neoplasms,"Anus, unspecified - Malignant neoplasms",52
Malignant neoplasms,Appendix - Malignant neoplasms,44
Malignant neoplasms,Ascending colon - Malignant neoplasms,17
Malignant neoplasms,"B-cell lymphoma, unspecified - Malignant neoplasms",156
Malignant neoplasms,"Biliary tract, unspecified - Malignant neoplasms",30
Malignant neoplasms,"Bladder, unspecified - Malignant neoplasms",1064
Malignant neoplasms,"Bone and articular cartilage, unspecified - Malignant neoplasms",60
Malignant neoplasms,Brain stem - Malignant neoplasms,26
Malignant neoplasms,"Brain, unspecified - Malignant neoplasms",1040
Malignant neoplasms,"Breast, unspecified - Malignant neoplasms",3655
Neoplasms,"Meninges, unspecified - Benign neoplasms",60
Neoplasms,Neoplasms of uncertain or unknown behaviour,0
Neoplasms of uncertain or unknown behaviour,"Trachea, bronchus and lung - Uncertain neoplasms",53
Neoplasms of uncertain or unknown behaviour,Spinal cord - Uncertain neoplasms,10
Neoplasms of uncertain or unknown behaviour,"Refractory anaemia, unspecified - Uncertain neoplasms",11
Neoplasms of uncertain or unknown behaviour,Polycythaemia vera,17
Neoplasms of uncertain or unknown behaviour,Other specified sites - Uncertain neoplasms,19
Neoplasms of uncertain or unknown behaviour,Other digestive organs - Uncertain neoplasms,19
Neoplasms of uncertain or unknown behaviour,"Neoplasm of uncertain or unknown behaviour, unspecified - Uncertain neoplasms",32
Neoplasms of uncertain or unknown behaviour,"Neoplasm of uncertain or unknown behaviour of lymphoid, haematopoietic and related tissue, unspecified - Uncertain neoplasms",14
Neoplasms of uncertain or unknown behaviour,"Myelodysplastic syndrome, unspecified - Uncertain neoplasms",388
Neoplasms of uncertain or unknown behaviour,Monoclonal gammopathy - Uncertain neoplasms,11
Neoplasms of uncertain or unknown behaviour,"Liver, gallbladder and bile ducts - Uncertain neoplasms",14
Neoplasms of uncertain or unknown behaviour,Connective and other soft tissue - Uncertain neoplasms,22
Neoplasms of uncertain or unknown behaviour,Chronic myeloproliferative disease - Uncertain neoplasms,107
Neoplasms of uncertain or unknown behaviour,"Brain, supratentorial - Uncertain neoplasms",13
Neoplasms of uncertain or unknown behaviour,"Brain, unspecified - Uncertain neoplasms",197
All Causes,"Symptoms, signs and abnormal clinical and laboratory findings, not elsewhere classified",0
"Symptoms, signs and abnormal clinical and laboratory findings, not elsewhere classified",Abnormal findings on diagnostic imaging of lung,17
"Symptoms, signs and abnormal clinical and laboratory findings, not elsewhere classified",General symptoms and signs,0
General symptoms and signs,"Shock, unspecified",15
General symptoms and signs,Senility,303
General symptoms and signs,Other specified general symptoms and signs,45
General symptoms and signs,Other lack of expected normal physiological development,628
General symptoms and signs,Other and unspecified convulsions,106
General symptoms and signs,Malaise and fatigue,50
General symptoms and signs,"Haemorrhage, not elsewhere classified",27
General symptoms and signs,Cardiogenic shock,36
General symptoms and signs,Abnormal weight loss,42
"Symptoms, signs and abnormal clinical and laboratory findings, not elsewhere classified",Ill-defined and unknown causes of mortality,0
Ill-defined and unknown causes of mortality,Sudden infant death syndrome - SIDS,325
Ill-defined and unknown causes of mortality,Other ill-defined and unspecified causes of mortality,1592
Ill-defined and unknown causes of mortality,Instantaneous death,43
"Symptoms, signs and abnormal clinical and laboratory findings, not elsewhere classified",Symptoms and signs involving the circulatory and respiratory systems,0
Symptoms and signs involving the circulatory and respiratory systems,Respiratory arrest,61
Symptoms and signs involving the circulatory and respiratory systems,Other and unspecified abnormalities of breathing,16
Symptoms and signs involving the circulatory and respiratory systems,"Gangrene, not elsewhere classified",13
Symptoms and signs involving the circulatory and respiratory systems,Asphyxia,20
Symptoms and signs involving the circulatory and respiratory systems,"Bradycardia, unspecified",19
"Symptoms, signs and abnormal clinical and laboratory findings, not elsewhere classified",Symptoms and signs involving the digestive system and abdomen,0
Symptoms and signs involving the digestive system and abdomen,Other specified symptoms and signs involving the digestive system and abdomen,22
Symptoms and signs involving the digestive system and abdomen,Dysphagia,38
